00100000
01010111
01100101
01101100
01100011
01101111
01101101
01100101
00100000
01110100
01101111
00100000
01110100
01101000
01100101
00100000
00100000
01000001
01001100
01010100
01000101
01010010
01000001
00100000
01000100
01000101
00110010
00101101
00110001
00110001
00110101
00100000
00100000
01001110
01100001
01110100
01101001
01101111
01101110
01100001
01101100
00100000
01010100
01100001
01101001
01110000
01100101
01101001
00100000
01010011
01010100
00100000
01001110
01001111
00111010
00110001
00110000
00110111
00110011
00110110
00110010
00110101
00110000
00110001

